3.824000000000000199e+01 2.042000000000000171e+01
3.957000000000000028e+01 2.614999999999999858e+01
4.056000000000000227e+01 2.532000000000000028e+01
3.625999999999999801e+01 2.312000000000000099e+01
3.347999999999999687e+01 1.053999999999999915e+01
3.756000000000000227e+01 1.218999999999999950e+01
3.842000000000000171e+01 1.310999999999999943e+01
3.752000000000000313e+01 2.044000000000000128e+01
4.122999999999999687e+01 9.099999999999999645e+00
4.117000000000000171e+01 1.305000000000000071e+01
3.607999999999999829e+01 -5.209999999999999964e+00
3.846999999999999886e+01 1.513000000000000078e+01
3.814999999999999858e+01 1.534999999999999964e+01
3.750999999999999801e+01 1.516999999999999993e+01
3.549000000000000199e+01 1.432000000000000028e+01
3.935999999999999943e+01 1.955999999999999872e+01
